5.701567985336370548e+00
5.402814870395657110e+00
7.211423025390271135e+00
7.211423025390271135e+00
6.081893943936077740e+00
5.660159516734658780e+00
5.660159516734658780e+00
6.563919316480400390e+00
6.563919316480400390e+00
5.802768868758953147e+00
6.958891755077174501e+00
6.958891755077174501e+00
6.596903880640214268e+00
6.596903880640214268e+00
5.923225774525318954e+00
6.107883156793976198e+00
6.107883156793976198e+00
6.553635716786406107e+00
6.553635716786406107e+00
6.524932057795528983e+00
7.618524565282232430e+00
7.618524565282232430e+00
5.671391946317363875e+00
5.941265676459281053e+00
5.941265676459281053e+00
6.474262930337025601e+00
6.474262930337025601e+00
7.017793373915388599e+00
5.837828043937760114e+00
5.837828043937760114e+00
5.818044982724945413e+00
5.818044982724945413e+00
6.427584651626725432e+00
6.427584651626725432e+00
6.100628100240736984e+00
5.984853527030575826e+00
5.984853527030575826e+00
6.279072812641230072e+00
6.279072812641230072e+00
6.946720395627233202e+00
5.911929291878837311e+00
5.911929291878837311e+00
7.185496109260819608e+00
7.185496109260819608e+00
6.782358762883164083e+00
5.995815033326185706e+00
5.995815033326185706e+00
6.817026742655865057e+00
6.817026742655865057e+00
6.771163985661345031e+00
7.190814778212825331e+00
7.190814778212825331e+00
6.965444885400521535e+00
6.965444885400521535e+00
6.369695957688398913e+00
5.929438181340442426e+00
5.929438181340442426e+00
6.318212011151220331e+00
6.318212011151220331e+00
6.940922488845883365e+00
7.080205690127359119e+00
7.080205690127359119e+00
6.051400661999290165e+00
6.128172356147381095e+00
6.128172356147381095e+00
6.651051949453785639e+00
6.651051949453785639e+00
6.935939537629242757e+00
5.719893127134408672e+00
5.719893127134408672e+00
5.624149429546631218e+00
5.624149429546631218e+00
6.220520058339439551e+00
6.151412019300670053e+00
6.151412019300670053e+00
6.268802693268898274e+00
6.268802693268898274e+00
6.587944528752248452e+00
6.394023499693628487e+00
6.394023499693628487e+00
5.914947265225598549e+00
6.146299631010734288e+00
6.146299631010734288e+00
7.404765429001129107e+00
7.404765429001129107e+00
7.160295391060697234e+00
6.631611920808187399e+00
6.631611920808187399e+00
5.882205733404096470e+00
6.475600132357681282e+00
6.475600132357681282e+00
5.966047478900122769e+00
5.820162414184184563e+00
5.820162414184184563e+00
6.480464818617666545e+00
6.480464818617666545e+00
6.026565715120416833e+00
5.901953302742189322e+00
5.901953302742189322e+00
6.291160255919584721e+00
6.291160255919584721e+00
5.335983503113466142e+00
4.090826818431854583e+00
4.090826818431854583e+00
4.444387160738173748e+00
4.444387160738173748e+00
4.444387160738173748e+00
4.573678538453766151e+00
4.573678538453766151e+00
4.426292064451931019e+00
4.426292064451931019e+00
5.107307359163142380e+00
5.107307359163142380e+00
4.219765270093762233e+00
4.219765270093762233e+00
4.439359109329227060e+00
4.439359109329227060e+00
4.439359109329227060e+00
4.277674426179300937e+00
4.277674426179300937e+00
5.024711296452522902e+00
5.024711296452522902e+00
4.912791271321003350e+00
4.912791271321003350e+00
4.201992387464126288e+00
4.201992387464126288e+00
4.201992387464126288e+00
4.230637823743899517e+00
4.230637823743899517e+00
5.557902375375021187e+00
5.557902375375021187e+00
4.983438195790474978e+00
4.983438195790474978e+00
4.591194537901979622e+00
4.591194537901979622e+00
4.504353014693954549e+00
4.504353014693954549e+00
4.504353014693954549e+00
4.265441234086409850e+00
4.265441234086409850e+00
4.886430429054441582e+00
4.886430429054441582e+00
4.462403569623234034e+00
4.462403569623234034e+00
4.838763808218221385e+00
4.838763808218221385e+00
4.523857053507535753e+00
4.523857053507535753e+00
4.523857053507535753e+00
4.469018071344423859e+00
4.469018071344423859e+00
4.764957649934414619e+00
4.764957649934414619e+00
4.233848417522217744e+00
4.233848417522217744e+00
4.478049527209653213e+00
4.478049527209653213e+00
4.478049527209653213e+00
4.234811333704091574e+00
4.234811333704091574e+00
5.720411065362124958e+00
5.720411065362124958e+00
4.825530386796233806e+00
4.825530386796233806e+00
4.309732889405326617e+00
4.309732889405326617e+00
5.014829240565153334e+00
5.014829240565153334e+00
5.014829240565153334e+00
5.839382189292740222e+00
5.839382189292740222e+00
5.934964315776471544e+00
5.934964315776471544e+00
6.238617945149067978e+00
5.922084919707901740e+00
5.922084919707901740e+00
6.000286444867736435e+00
6.000286444867736435e+00
5.835758127153076735e+00
5.835758127153076735e+00
5.717879036143898475e+00
5.981170555363282126e+00
5.981170555363282126e+00
6.272808536231940124e+00
6.272808536231940124e+00
6.645299409209094676e+00
6.645299409209094676e+00
6.150558308846770572e+00
6.393673175097861261e+00
6.393673175097861261e+00
7.125928957379723094e+00
7.125928957379723094e+00
5.197043844278723235e+00
6.336946941950942325e+00
6.336946941950942325e+00
6.928951338401157400e+00
6.928951338401157400e+00
6.358397151579951334e+00
6.358397151579951334e+00
6.066169369406747336e+00
6.245477853382260136e+00
6.245477853382260136e+00
6.446412334143847289e+00
6.446412334143847289e+00
5.871856611919429092e+00
6.047424996506273409e+00
6.047424996506273409e+00
5.900131519246290424e+00
5.900131519246290424e+00
6.600582695958592261e+00
6.600582695958592261e+00
6.659007027808932833e+00
6.177006487077018271e+00
6.177006487077018271e+00
6.042097417098060141e+00
6.042097417098060141e+00
6.844013147584546708e+00
6.844013147584546708e+00
6.826927306485177205e+00
6.264818472255181625e+00
6.264818472255181625e+00
5.920947577059357592e+00
5.920947577059357592e+00
6.367144822487721179e+00
6.775837980125926308e+00
6.775837980125926308e+00
6.702596966264856349e+00
6.702596966264856349e+00
6.694475240577802744e+00
6.038228497394388938e+00
6.038228497394388938e+00
6.343382074977557572e+00
6.343382074977557572e+00
5.631455110234970363e+00
5.305146611301237769e+00
5.305146611301237769e+00
6.155232136496982420e+00
6.155232136496982420e+00
5.993606240729475232e+00
5.993606240729475232e+00
6.200441417664613653e+00
6.200441417664613653e+00
5.785100878759925180e+00
6.856725394094278947e+00
6.856725394094278947e+00
5.214710497068547390e+00
5.543406363735793541e+00
5.543406363735793541e+00
6.817946588288353205e+00
6.817946588288353205e+00
8.892645506807419054e+00
8.892645506807419054e+00
6.115980204801788389e+00
6.941850973536323188e+00
6.329042703745108689e+00
6.329042703745108689e+00
8.230421078731115614e+00
8.230421078731115614e+00
5.788540083751072984e+00
5.436801508544785833e+00
5.436801508544785833e+00
4.942599626130658841e+00
7.795399030277032182e+00
7.795399030277032182e+00
6.052105615795041693e+00
6.052105615795041693e+00
6.535386281433726019e+00
6.172474318668931481e+00
6.172474318668931481e+00
6.270823172792375111e+00
6.530058754531316900e+00
6.530058754531316900e+00
5.884168817233413229e+00
5.884168817233413229e+00
6.203380920013578326e+00
5.440453638882632781e+00
5.440453638882632781e+00
6.577263626998589352e+00
6.577263626998589352e+00
5.985912478381887780e+00
6.471480624133005399e+00
6.471480624133005399e+00
5.957375336954984668e+00
5.957375336954984668e+00
6.366968199823176633e+00
6.366968199823176633e+00
5.925771985077954440e+00
5.839330122169351434e+00
5.839330122169351434e+00
5.893722093750634272e+00
5.893722093750634272e+00
5.764323448660247706e+00
6.077645215409656743e+00
6.077645215409656743e+00
5.807804351675704524e+00
5.807804351675704524e+00
7.053306096957649984e+00
7.053306096957649984e+00
6.079158049024745658e+00
6.040928527030493100e+00
6.040928527030493100e+00
7.076959271691345421e+00
7.076959271691345421e+00
5.983235882008373530e+00
6.427017275004653918e+00
6.427017275004653918e+00
6.275761008329066470e+00
6.275761008329066470e+00
5.993246451369804717e+00
5.993246451369804717e+00
5.853853477829340513e+00
7.217305895939916560e+00
7.217305895939916560e+00
6.246987716567399929e+00
6.246987716567399929e+00
5.645445084235562128e+00
6.367998135347342270e+00
6.367998135347342270e+00
6.019303274330949804e+00
6.019303274330949804e+00
5.914943503339936015e+00
5.914943503339936015e+00
6.901520101447366606e+00
5.910103837515968905e+00
5.910103837515968905e+00
6.997672681942862738e+00
6.997672681942862738e+00
6.054110842538523052e+00
6.336545512731267316e+00
6.336545512731267316e+00
6.350806862221326732e+00
