3.507561782311148513e-02
3.644126982869187736e-02
3.776253867297343914e-02
3.890243060471858944e-02
3.983899670836316131e-02
3.959948784483992290e-02
3.829114273468750551e-02
3.703401814694504829e-02
3.519728235417468598e-02
3.331586431734578913e-02
3.108587287090799900e-02
2.774743839954740138e-02
2.369539569768774889e-02
1.926337875790334886e-02
1.466244309344577612e-02
9.734350657038488841e-03
4.847977743573053666e-03
-9.337775451506574731e-04
-7.564644900656902066e-03
-1.278630331388523611e-02
-1.761329893846710209e-02
-2.321268561214184789e-02
-2.933447103314595905e-02
-3.524952230486695648e-02
-3.976917752569000819e-02
-4.359168750160943850e-02
-4.729856620980926740e-02
-5.004146637072649784e-02
-5.189149706159573716e-02
-5.327752610807910683e-02
-5.386339013583532620e-02
-5.395378727775978350e-02
-5.377666417889573336e-02
-5.269882195943343534e-02
-5.036339613507948010e-02
-4.724509544941898898e-02
-4.320992847338733789e-02
-3.828096117913638852e-02
-3.305111114683582929e-02
-2.824618877179969900e-02
-2.338276728359171830e-02
-1.784424121999271529e-02
-1.189898802807536765e-02
-5.863016014052896407e-03
-2.811376764418060947e-05
4.601494784164925078e-03
8.264476200145261242e-03
1.184122942483997742e-02
1.463525592213908710e-02
1.718140319757630041e-02
1.900540955077639760e-02
1.960654571991099493e-02
1.945084777927111319e-02
1.843972494238654836e-02
1.676929832232541828e-02
1.424066270538529300e-02
1.076062058989424308e-02
6.300727500433776773e-03
1.288764914546686180e-03
-3.899701619265623365e-03
-8.580389795193030245e-03
-1.303294074904702907e-02
-1.819181718009801885e-02
-2.358454371084729023e-02
-2.868147717007690778e-02
-3.373264021384577566e-02
-3.800472362476510491e-02
-4.107192779426058898e-02
-4.414110161672350763e-02
-4.671614644598404142e-02
-4.826643652028742015e-02
-4.832628372826661134e-02
-4.727329723752929369e-02
-4.602170091580334854e-02
-4.414279484666397413e-02
-4.127333481729746067e-02
-3.728138398964447875e-02
-3.250742102218196622e-02
-2.825283384711257950e-02
-2.539706258948869894e-02
-2.251405717216167779e-02
-1.856155354565781554e-02
-1.484317613691016335e-02
-1.192974637090216117e-02
-9.532628630456764507e-03
-7.864530423958075028e-03
-7.354445458178985456e-03
-7.895691497152086680e-03
-8.618356161917244129e-03
-1.007836789451729831e-02
-1.399544864385128540e-02
-1.930964661735687371e-02
-2.475265256768631461e-02
-3.101633469328719805e-02
-3.822974542195198278e-02
-4.627441428927622780e-02
-5.486974545695194605e-02
-6.276532669346181204e-02
-7.033055259981911556e-02
-7.823471415625873893e-02
-8.562887360984983154e-02
-9.301591320645345717e-02
-9.978219493979759158e-02
-1.049432894516206666e-01
-1.087934737621597120e-01
-1.111861287377191865e-01
-1.105382569123528474e-01
-1.074851739928925631e-01
-1.038468502608256017e-01
-9.834207484621232398e-02
-9.086854139645944572e-02
-8.158925361333801973e-02
-7.028879466771424667e-02
-5.732887519860310754e-02
-4.277945415790300465e-02
-2.718582868634383809e-02
-1.064607867895309146e-02
7.560204387132563042e-03
2.655890426218617678e-02
4.489612414297960985e-02
6.299249953162794347e-02
8.139309249324788720e-02
9.924025750922266242e-02
1.154838301279320911e-01
1.302968494143640910e-01
1.437501172233570934e-01
1.553151602715876489e-01
1.648245910822809801e-01
1.725223322918851554e-01
1.780645551198714593e-01
1.804407158057846905e-01
1.801694718687516239e-01
1.781542424373202538e-01
1.739277488468614075e-01
1.673161227815501695e-01
1.583500994692461361e-01
1.473904860080615109e-01
1.365695830191088755e-01
1.251055848850011476e-01
1.109182214669151845e-01
9.581369140996481848e-02
8.031715235025110866e-02
6.450395360455694893e-02
5.003949225361455089e-02
3.640539430822666012e-02
2.314717180460565404e-02
1.184274530963032313e-02
2.280221273123161918e-03
-6.002381074584034470e-03
-1.238232155717742394e-02
-1.654662728792520576e-02
-1.878898393050634774e-02
-1.917986587755082795e-02
-1.727444656295375192e-02
-1.334908064462028698e-02
-7.723656505251974558e-03
-4.415957792094776790e-04
8.309743102118460900e-03
1.848563945847775392e-02
2.979771269878067619e-02
4.194551148394952411e-02
5.463358230051290620e-02
6.762668630250688595e-02
8.061235289304456708e-02
9.259142077677365301e-02
1.039005334774980999e-01
1.145306440991350760e-01
1.243638308686071947e-01
1.329940503627969339e-01
1.379993605647877875e-01
1.415565258385830250e-01
1.445112993936515100e-01
1.452533472082344901e-01
1.441454727415372172e-01
1.402860496054950667e-01
1.342660122179688831e-01
1.263313605235291126e-01
1.166033480280692924e-01
1.053743885966980653e-01
9.269417606229213291e-02
7.877052589081309786e-02
6.316198131818770434e-02
4.664536649249377553e-02
2.983100290644546959e-02
1.238059126483139621e-02
-5.282044936587626527e-03
-2.218477633013242467e-02
-3.849151434240855041e-02
-5.447748327270465069e-02
-6.997610890057892608e-02
-8.460338648284948526e-02
-9.791184327662511011e-02
-1.099513354354769851e-01
-1.198279749930913352e-01
-1.278808593500553592e-01
-1.346934701546824986e-01
-1.402435219969737079e-01
-1.442203267264962063e-01
-1.465665003743782391e-01
-1.474756329792807907e-01
-1.463712019939261422e-01
-1.434003885913295306e-01
-1.391755186452239001e-01
-1.339799576471421561e-01
-1.277117093293224648e-01
-1.204488955468067113e-01
-1.129496477666822180e-01
-1.050608794170354576e-01
-9.619395667947439055e-02
-8.701404817367261457e-02
-7.857085653975889872e-02
-7.083228011135107860e-02
-6.317621395476374913e-02
-5.506584423629255765e-02
-4.726446958013369448e-02
-4.071547082406326568e-02
-3.494655394246509728e-02
-2.972628239323689414e-02
-2.527919451438759985e-02
-2.217611769669894373e-02
-1.918242531654229532e-02
-1.640490644027489675e-02
-1.637341280888404693e-02
-1.737360270077875635e-02
-1.816024001318020109e-02
-1.878747784406156751e-02
-1.956249639087222214e-02
-1.993348840941458477e-02
-1.986311339893014061e-02
-2.253973216090005005e-02
-2.518860040162577280e-02
-2.674138664007286170e-02
-2.869872851688128057e-02
-2.864624720364811195e-02
-2.756669439633330221e-02
-2.859667161837989302e-02
-3.010378815322210799e-02
-3.014507394473436852e-02
-3.010485019862957357e-02
-2.748150050790015841e-02
-2.317459905471472292e-02
-2.109706496013169508e-02
-1.900442782994374302e-02
-1.532823736274940840e-02
-1.151726856087520456e-02
-7.859474993429843570e-03
-3.831075159179173073e-03
4.553262430961324547e-04
4.708446785398834322e-03
8.114695747028360939e-03
1.100057621797871643e-02
1.407141682838448926e-02
1.601286379229738266e-02
1.686622552445397882e-02
1.841435692622442333e-02
1.961579949363559394e-02
1.900214218003593719e-02
1.788349300709993206e-02
1.650105297434500962e-02
1.374186997354964745e-02
1.014971746064641245e-02
6.562293631987820008e-03
2.581314265425849186e-03
-2.421808367022382225e-03
-7.973591212339273260e-03
-1.358323969552782673e-02
-1.924568851972890959e-02
-2.489620273956100194e-02
-3.057951551677490221e-02
-3.578332488804747413e-02
-4.042550312177879690e-02
-4.496990674533135612e-02
-4.898934017283848585e-02
-5.108869519183209529e-02
-5.190229230136658711e-02
-5.311726885251880081e-02
-5.363779135588514491e-02
-5.269241709683400443e-02
-4.985656571575176887e-02
-4.561591207436306583e-02
-4.170218300986494597e-02
-3.675351266603847644e-02
-3.024728507787077803e-02
-2.333319424851568180e-02
-1.579665449919567810e-02
-7.912525379971557804e-03
2.187144262605078548e-04
8.526316608181302992e-03
1.790068600894367812e-02
2.770527097680933193e-02
3.589383288309339060e-02
4.342156404127223146e-02
5.029713297890053836e-02
5.685361144384781795e-02
6.312714046255213374e-02
6.778242231721448574e-02
7.127450826440265286e-02
7.370381149864663195e-02
7.490836934493158572e-02
7.578506523981784482e-02
7.499175214175252124e-02
7.225805173052249342e-02
6.982264009832531149e-02
6.677788585030883239e-02
6.159432347210118397e-02
5.560882710328013401e-02
4.956142590846651652e-02
4.287367185767965161e-02
3.583342035984149465e-02
2.858606863667705056e-02
2.129309483359583671e-02
1.412133117185095099e-02
7.196220403726454745e-03
6.310126272893665234e-04
-5.434342625293429874e-03
-1.087945334199621333e-02
-1.562224525099482897e-02
-1.957007167677452669e-02
-2.267978948283981555e-02
-2.493811574974338918e-02
-2.632428023338899414e-02
-2.685722474974139296e-02
-2.657842707463115017e-02
-2.549943903408341539e-02
-2.366479624218376099e-02
-2.118409480824931523e-02
-1.813855275230838449e-02
-1.463020999678157907e-02
-1.077035973982548578e-02
-6.673284057455930451e-03
-2.446604654407297241e-03
