0
0
-0.001
0.002
0.035
0.227
1.026
3.495
9.372
20.324
36.12
52.634
61.892
55.875
32.647
-0.156
-29.104
-44.594
-47.996
-48.469
-51.611
-51.967
-39.03
-11.619
15.761
24.185
9.078
-14.004
-24.26
-15.786
-1.29
3.761
-2.261
-8.092
-4.851
3.678
7.156
1.932
-5.264
-6.407
-1.534
2.754
2.134
-0.979
-1.824
0.393
2.274
1.236
-1.343
-2.372
-0.952
1.035
1.641
0.93
0.244
0.306
0.664
0.674
0.365
0.208
0.408
0.746
0.955
1.012
1.017
1.001
0.932
0.835
0.804
0.901
1.087
1.259
1.346
1.354
1.335
1.334
1.369
1.433
1.509
1.588
1.671
1.762
1.857
1.944
2.014
2.068
2.122
2.195
2.292
2.404
2.507
2.581
2.617
2.62
2.599
2.558
2.496
2.409
2.294
2.16
2.02
1.886
1.765
1.66
1.574
1.509
1.465
1.439
1.421
1.398
1.36
1.307
1.246
1.186
1.135
1.098
1.076
1.065
1.061
1.058
1.049
1.029
0.997
0.957
0.916
0.884
0.862
0.85
0.838
0.809
0.746
0.629
0.446
0.193
-0.122
-0.48
-0.855
-1.218
-1.54
-1.799
-1.978
-2.07
-2.079
-2.018
-1.906
-1.759
-1.587
-1.401
-1.205
-1.005
-0.8
-0.587
-0.366
-0.138
0.087
0.301
0.496
0.661
0.78
0.834
0.801
0.667
0.428
0.088
-0.336
-0.811
-1.291
-1.722
-2.058
-2.271
-2.357
-2.327
-2.207
-2.03
-1.834
-1.656
-1.514
-1.407
-1.321
-1.236
-1.144
-1.042
-0.935
-0.828
-0.726
-0.633
-0.552
-0.484
-0.427
-0.374
-0.318
-0.257
-0.192
-0.128
-0.071
-0.023
0.015
0.049
0.082
0.116
0.15
0.181
0.209
0.233
0.253
0.267
0.274
0.275
0.272
0.267
0.26
0.25
0.236
0.219
0.2
0.178
0.152
0.124
0.094
0.064
0.034
0.004
-0.026
-0.055
-0.083
-0.108
-0.132
-0.153
-0.172
-0.188
-0.2
-0.208
-0.214
-0.215
-0.213
-0.208
-0.2
-0.188
-0.174
-0.157
-0.138
-0.12
-0.103
-0.088
-0.075
-0.065
-0.054
-0.042
-0.028
-0.012
0.005
0.022
0.039
0.056
0.072
0.085
0.092
0.094
0.095
0.096
0.097
0.098
0.099
0.1
0.104
0.112
0.124
0.138
0.155
0.175
0.198
0.225
0.254
0.284
0.315
0.348
0.382
0.416
0.451
0.486
0.521
0.556
0.59
0.624
0.657
0.689
0.72
0.749
0.777
0.802
0.825
0.845
0.862
0.875
0.884
0.889
0.889
0.885
0.876
0.861
0.841
0.815
0.784
0.749
0.708
0.664
0.617
0.565
0.511
0.453
0.392
0.329
0.262
0.191
0.118
0.042
-0.037
-0.116
-0.196
-0.275
-0.351
-0.424
-0.492
-0.555
-0.61
-0.66
-0.703
-0.74
-0.774
-0.805
-0.833
-0.861
-0.889
-0.917
-0.946
-0.975
-1.002
-1.027
-1.048
-1.064
-1.074
-1.076
-1.071
-1.058
-1.038
-1.013
-0.982
-0.948
-0.912
-0.873
-0.834
-0.794
-0.754
-0.713
-0.672
-0.631
-0.59
-0.549
-0.51
-0.471
-0.432
-0.395
-0.358
-0.323
-0.288
-0.254
-0.221
-0.189
-0.157
-0.126
-0.096
-0.067
-0.038
-0.01
0.018
0.045
0.072
0.098
0.125
0.15
0.176
0.201
0.226
0.251
0.276
0.301
0.326
0.35
0.375
0.399
0.424
0.448
0.473
0.497
0.522
0.546
0.57
0.594
0.618
0.642
0.666
0
0
0
0
0
